0,0,1053.43603843
0,1,1068.95643281
0,2,906.027192621
0,3,937.417492465
0,4,797.521433393
0,5,1035.79568579
0,6,1076.14278059
0,7,892.223580483
0,8,1082.6198007
0,9,972.865736061
0,10,1049.33701763
0,11,1068.08729401
0,12,1070.18756478
0,13,1006.79000798
0,14,998.257654894
0,15,915.685884405
0,16,915.065575555
0,17,988.562613671
0,18,964.396529944
0,19,971.906624518
0,20,573.582246837
0,21,976.139292083
0,22,700.959345921
0,23,987.916870846
0,24,962.557698491
0,25,1001.56016418
0,26,824.591281568
0,27,898.931468837
0,28,986.459946496
0,29,1016.64929186
0,30,980.904336881
0,31,965.026062663
0,32,1021.2982533
0,33,861.36565865
0,34,806.642221466
0,35,995.076663995
0,36,991.397715115
0,37,959.962957161
0,38,751.564593091
0,39,774.044422115
0,40,1020.80572408
0,41,1121.4521996
0,42,1074.41085097
0,43,1102.79313881
0,44,1085.36738503
0,45,1091.91079928
0,46,1106.2854026
0,47,939.550970567
0,48,1071.9599305
0,49,958.370714238
0,50,1089.9243849
0,51,1044.70420263
0,52,1041.48313122
0,53,1126.03148045
0,54,1057.84201933
0,55,1112.89489627
0,56,1049.88641513
0,57,896.765363784
0,58,1129.80058257
0,59,931.532757307
0,60,1070.61662223
0,61,1029.64321255
0,62,1099.93448244
0,63,1129.74177454
0,64,1042.43154198
0,65,1061.86312735
0,66,1055.70987203
0,67,1088.3656244
0,68,1111.55839434
0,69,1126.25330587
0,70,1015.3535731
0,71,1109.0457777
0,72,1093.2649316
0,73,1070.09371654
0,74,1010.42968624
0,75,1124.41018301
0,76,1057.87403138
0,77,1043.64560121
0,78,1068.86589102
0,79,1023.33079515
1,0,1068.95643281
1,1,1133.40127034
1,2,897.692920225
1,3,934.643685876
1,4,788.797613687
1,5,1043.13903404
1,6,1099.71144003
1,7,911.063623493
1,8,1119.67265163
1,9,986.486160567
1,10,1061.2635683
1,11,1106.2891915
1,12,1091.05684995
1,13,1015.31157639
1,14,1030.70755212
1,15,907.582194088
1,16,929.449443574
1,17,996.755202527
1,18,962.179452923
1,19,969.478556745
1,20,639.260196662
1,21,1042.6682211
1,22,777.034847685
1,23,1054.44097903
1,24,1021.89507619
1,25,1054.71865631
1,26,900.971522116
1,27,968.737438018
1,28,1052.77630902
1,29,1069.71271511
1,30,1026.52862297
1,31,1016.87557285
1,32,1075.03726231
1,33,934.674775693
1,34,881.711226249
1,35,1057.63674996
1,36,1039.86850845
1,37,1029.50148554
1,38,828.844762459
1,39,850.781137094
1,40,1106.82699246
1,41,1184.42758783
1,42,1133.05875627
1,43,1169.42483765
1,44,1140.77688658
1,45,1149.39144855
1,46,1165.8688351
1,47,1027.20825681
1,48,1150.85305574
1,49,975.736814962
1,50,1135.07587489
1,51,1088.82710864
1,52,1115.34199112
1,53,1173.64738938
1,54,1122.80857563
1,55,1168.71481277
1,56,1091.63765143
1,57,971.735625892
1,58,1183.25476038
1,59,1018.24243518
1,60,1099.75848412
1,61,1079.96075606
1,62,1168.97436879
1,63,1184.90556021
1,64,1118.63098901
1,65,1142.79093664
1,66,1087.34525726
1,67,1133.29325733
1,68,1174.25685641
1,69,1177.04927112
1,70,1059.14078324
1,71,1150.98639128
1,72,1127.12306325
1,73,1142.60847673
1,74,1097.53798305
1,75,1170.58418086
1,76,1129.2399788
1,77,1127.14931896
1,78,1141.93995705
1,79,1109.47503681
2,0,906.027192621
2,1,897.692920225
2,2,804.174971645
2,3,828.938097055
2,4,715.164563273
2,5,898.871949573
2,6,922.268073439
2,7,781.274045765
2,8,923.516020301
2,9,850.805909455
2,10,909.00423993
2,11,912.774167394
2,12,921.019778692
2,13,869.727573142
2,14,846.433225674
2,15,809.973992392
2,16,802.968277662
2,17,854.04663863
2,18,843.955403768
2,19,855.197288432
2,20,449.717754015
2,21,807.639651414
2,22,558.488304772
2,23,825.104447498
2,24,795.202592169
2,25,836.466138931
2,26,671.676658818
2,27,733.937749096
2,28,818.551474445
2,29,851.796663221
2,30,832.871818654
2,31,803.136289633
2,32,856.082606657
2,33,699.834293833
2,34,650.787533839
2,35,839.765766488
2,36,833.3192549
2,37,794.692423489
2,38,608.315889066
2,39,622.73669273
2,40,841.767251748
2,41,941.788519133
2,42,912.410565195
2,43,927.507959353
2,44,908.714374279
2,45,913.491838537
2,46,936.463977201
2,47,765.219713999
2,48,888.662775501
2,49,837.881881209
2,50,934.116123582
2,51,880.354154211
2,52,872.505270376
2,53,953.751528408
2,54,893.811721958
2,55,944.222641625
2,56,904.41470914
2,57,732.329117288
2,58,955.949183261
2,59,758.269582432
2,60,924.008557854
2,61,882.128647599
2,62,922.876326637
2,63,954.376321075
2,64,870.97238561
2,65,879.015453352
2,66,902.542096732
2,67,933.049215598
2,68,929.935455494
2,69,951.278817891
2,70,854.934237683
2,71,949.350546414
2,72,936.142067484
2,73,896.84610014
2,74,831.879737735
2,75,953.356418909
2,76,876.096671479
2,77,861.138954404
2,78,885.655800686
2,79,842.758353122
3,0,937.417492465
3,1,934.643685876
3,2,828.938097055
3,3,856.882611553
3,4,737.667314412
3,5,929.673753103
3,6,956.044429593
3,7,812.102192867
3,8,959.794590126
3,9,883.425947457
3,10,941.550089124
3,11,949.430736135
3,12,955.228145169
3,13,897.840090539
3,14,875.310196481
3,15,834.27603095
3,16,834.069807982
3,17,881.159933635
3,18,870.017711452
3,19,883.325830336
3,20,471.676632418
3,21,844.640561847
3,22,587.941334179
3,23,862.590080877
3,24,829.191813464
3,25,869.437495628
3,26,706.132494345
3,27,768.811060703
3,28,855.895951691
3,29,885.170899486
3,30,861.410349625
3,31,834.371804961
3,32,889.869403536
3,33,734.281361221
3,34,683.662169781
3,35,875.570174013
3,36,863.88578296
3,37,832.175205232
3,38,640.46443108
3,39,654.99575692
3,40,880.058275117
3,41,980.927938504
3,42,951.139110619
3,43,967.412703018
3,44,943.566109046
3,45,949.044850295
3,46,975.897298324
3,47,799.221310224
3,48,927.658866379
3,49,863.20955403
3,50,971.078047462
3,51,911.517223808
3,52,911.584271761
3,53,990.266191523
3,54,932.732792834
3,55,983.260737493
3,56,939.759295565
3,57,762.145664173
3,58,994.234945134
3,59,791.695075622
3,60,955.783343536
3,61,918.458661208
3,62,962.818506372
3,63,992.828830539
3,64,910.155039044
3,65,917.9310105
3,66,932.742228104
3,67,969.938637757
3,68,967.757028018
3,69,988.200728778
3,70,884.762029913
3,71,985.638976178
3,72,968.92044733
3,73,936.54420862
3,74,869.83448528
3,75,989.561873236
3,76,912.282072545
3,77,899.486038915
3,78,922.798735348
3,79,880.845347475
4,0,797.521433393
4,1,788.797613687
4,2,715.164563273
4,3,737.667314412
4,4,641.567346721
4,5,793.362255742
4,6,811.952451929
4,7,698.201660014
4,8,813.698015728
4,9,757.132905314
4,10,802.738794787
4,11,805.607123088
4,12,812.348749518
4,13,765.813588716
4,14,742.406908835
4,15,718.690208709
4,16,717.042789094
4,17,751.959896841
4,18,745.846466554
4,19,758.340040703
4,20,379.630107599
4,21,699.016932835
4,22,476.108893652
4,23,719.680293142
4,24,685.80093559
4,25,725.20530599
4,26,579.55341541
4,27,630.729334576
4,28,709.907963035
4,29,740.140946789
4,30,730.795548443
4,31,694.699080403
4,32,744.262323879
4,33,600.676756499
4,34,557.070772168
4,35,737.859839681
4,36,725.360784338
4,37,689.345182444
4,38,524.381051642
4,39,533.091419472
4,40,733.484731525
4,41,824.160694527
4,42,804.907801008
4,43,813.779855102
4,44,792.23040695
4,45,796.37267437
4,46,823.751032594
4,47,662.758261722
4,48,774.649666513
4,49,745.139725683
4,50,825.643515383
4,51,768.762005571
4,52,766.198030002
4,53,835.792198992
4,54,787.433966381
4,55,830.874099085
4,56,802.238070011
4,57,633.811421844
4,58,838.58531861
4,59,656.459447995
4,60,816.05178339
4,61,782.040116132
4,62,808.89242672
4,63,836.685406714
4,64,763.831034025
4,65,766.059966504
4,66,792.576427782
4,67,824.843177073
4,68,811.64463673
4,69,832.810489963
4,70,746.413623835
4,71,836.96416733
4,72,823.147481804
4,73,786.851184273
4,74,724.475640799
4,75,835.681291813
4,76,761.736334167
4,77,749.591181468
4,78,770.526882174
4,79,733.570605777
5,0,1035.79568579
5,1,1043.13903404
5,2,898.871949573
5,3,929.673753103
5,4,793.362255742
5,5,1021.75908228
5,6,1057.41868342
5,7,882.571125246
5,8,1062.59620941
5,9,962.408019988
5,10,1034.90959388
5,11,1049.13158699
5,12,1053.36588051
5,13,990.586559875
5,14,975.530649549
5,15,907.352986886
5,16,905.878012345
5,17,972.375288992
5,18,952.718827996
5,19,962.45334426
5,20,549.373541998
5,21,950.981195137
5,22,675.960240831
5,23,964.389452085
5,24,936.627700816
5,25,976.415839037
5,26,800.293826632
5,27,872.789029417
5,28,961.682536476
5,29,991.876953318
5,30,958.083642763
5,31,939.618136221
5,32,996.620610841
5,33,835.355842967
5,34,780.760369472
5,35,972.831595394
5,36,967.024284733
5,37,935.477716555
5,38,728.000448288
5,39,748.672733728
5,40,991.505843402
5,41,1095.3219749
5,42,1052.7984758
5,43,1077.79287344
5,44,1057.89939571
5,45,1064.21851518
5,46,1083.15853515
5,47,908.242997567
5,48,1042.89573062
5,49,943.820960627
5,50,1070.39075832
5,51,1019.32279478
5,52,1016.59623084
5,53,1101.98847643
5,54,1035.10168929
5,55,1090.26611026
5,56,1032.21100363
5,57,866.546810999
5,58,1105.76723017
5,59,900.201257113
5,60,1052.31978471
5,61,1010.98292482
5,62,1074.23506139
5,63,1105.2232267
5,64,1016.7344018
5,65,1032.62308058
5,66,1034.34556549
5,67,1068.93108166
5,68,1084.02933037
5,69,1101.37286252
5,70,990.093943115
5,71,1088.6480848
5,72,1072.40552612
5,73,1044.7398634
5,74,980.89548549
5,75,1100.66159148
5,76,1028.07411778
5,77,1013.8007207
5,78,1039.17718229
5,79,993.492337242
6,0,1076.14278059
6,1,1099.71144003
6,2,922.268073439
6,3,956.044429593
6,4,811.952451929
6,5,1057.41868342
6,6,1101.48652675
6,7,914.435772589
6,8,1110.94775585
6,9,995.996722668
6,10,1072.65534042
6,11,1096.68997057
6,12,1095.59519498
6,13,1026.46675318
6,14,1020.41394233
6,15,931.657456004
6,16,937.093350521
6,17,1007.49574281
6,18,981.914803848
6,19,990.828233105
6,20,593.389839003
6,21,1006.34542459
6,22,726.894088521
6,23,1018.23268376
6,24,990.104912252
6,25,1027.86454629
6,26,853.859891512
6,27,928.091737546
6,28,1016.83044945
6,29,1043.23506475
6,30,1003.38633432
6,31,989.966078427
6,32,1048.23062427
6,33,890.542935191
6,34,834.894432202
6,35,1023.79117016
6,36,1015.58045379
6,37,990.665048071
6,38,779.302257871
6,39,801.978026942
6,40,1053.61923043
6,41,1153.13717161
6,42,1105.12641916
6,43,1135.20466528
6,44,1113.2287512
6,45,1120.46966223
6,46,1137.7027838
6,47,969.330592725
6,48,1104.80449969
6,49,976.627399952
6,50,1118.28825942
6,51,1068.95665545
6,52,1073.78610339
6,53,1154.54496008
6,54,1089.24037376
6,55,1143.72538234
6,56,1076.76374744
6,57,922.533192767
6,58,1160.04745731
6,59,960.818291434
6,60,1094.29858238
6,61,1057.86845164
6,62,1132.59504691
6,63,1160.26373451
6,64,1075.02700982
6,65,1094.79428288
6,66,1078.39340807
6,67,1116.65589675
6,68,1142.28340101
6,69,1155.32887513
6,70,1038.63030374
6,71,1136.80624177
6,72,1118.00214858
6,73,1102.78214437
6,74,1043.07738024
6,75,1152.57874069
6,76,1088.04514346
6,77,1076.34737889
6,78,1099.89597331
6,79,1056.01973759
7,0,892.223580483
7,1,911.063623493
7,2,781.274045765
7,3,812.102192867
7,4,698.201660014
7,5,882.571125246
7,6,914.435772589
7,7,785.53163288
7,8,925.454199184
7,9,848.276504672
7,10,897.03042764
7,11,917.757110564
7,12,913.962123042
7,13,850.571657859
7,14,837.564500245
7,15,785.145907245
7,16,803.709325782
7,17,834.246425204
7,18,820.457557277
7,19,835.440877343
7,20,464.892399129
7,21,822.01236924
7,22,582.149759146
7,23,842.510822586
7,24,801.198855906
7,25,836.766403102
7,26,697.640478696
7,27,749.933956906
7,28,833.358975524
7,29,852.311998803
7,30,828.369157692
7,31,802.101968766
7,32,857.404446388
7,33,719.319555275
7,34,672.048703721
7,35,854.892379426
7,36,829.777976619
7,37,813.542086212
7,38,636.385804511
7,39,646.482543227
7,40,866.18452181
7,41,952.390287241
7,42,927.99241432
7,43,943.742910074
7,44,909.938999691
7,45,916.259378485
7,46,949.795596601
7,47,786.773519388
7,48,907.544100991
7,49,823.172901826
7,50,940.029682404
7,51,874.283292526
7,52,895.560078577
7,53,953.555822281
7,54,913.119428752
7,55,954.826117201
7,56,910.620476746
7,57,744.643352293
7,58,961.446921664
7,59,778.927348319
7,60,914.792599054
7,61,895.435180018
7,62,939.913698283
7,63,960.633402421
7,64,894.458812907
7,65,899.258778683
7,66,890.791264666
7,67,938.931923156
7,68,937.714198781
7,69,952.722858946
7,70,848.534396141
7,71,949.986644466
7,72,927.398930023
7,73,917.76488694
7,74,856.720940747
7,75,952.249819574
7,76,887.030142888
7,77,882.304708009
7,78,898.340445612
7,79,866.151394923
8,0,1082.6198007
8,1,1119.67265163
8,2,923.516020301
8,3,959.794590126
8,4,813.698015728
8,5,1062.59620941
8,6,1110.94775585
8,7,925.454199184
8,8,1125.39567749
8,9,1005.58285518
8,10,1079.80484394
8,11,1112.18567567
8,12,1105.27966142
8,13,1030.19564607
8,14,1028.8067134
8,15,932.30889701
8,16,946.958983002
8,17,1010.77594729
8,18,983.516718007
8,19,993.990056066
8,20,608.797850524
8,21,1026.20259914
8,22,747.879226981
8,23,1038.8733335
8,24,1006.20142703
8,25,1041.80687784
8,26,876.824668667
8,27,948.086279575
8,28,1036.86710304
8,29,1057.38089186
8,30,1014.23944641
8,31,1002.8917711
8,32,1062.76107644
8,33,911.724503663
8,34,856.269200224
8,35,1042.93174807
8,36,1027.49272903
8,37,1012.03902765
8,38,802.155014061
8,39,823.940715742
8,40,1078.34662001
8,41,1172.43257614
8,42,1125.01885092
8,43,1156.56601352
8,44,1127.8456418
8,45,1135.88483789
8,46,1157.45394645
8,47,991.822441473
8,48,1127.7372635
8,49,981.837437249
8,50,1134.05867109
8,51,1079.71042139
8,52,1097.19709686
8,53,1168.7697856
8,54,1110.74129335
8,55,1162.31487075
8,56,1091.73752435
8,57,940.113176756
8,58,1176.86980824
8,59,982.78770313
8,60,1103.64960505
8,61,1075.54592998
8,62,1154.41824078
8,63,1177.48100369
8,64,1098.83358589
8,65,1118.23994366
8,66,1086.67638809
8,67,1132.37412682
8,68,1160.26889878
8,69,1170.34646937
8,70,1048.87758461
8,71,1150.8560141
8,72,1128.02961278
8,73,1125.78529097
8,74,1067.88317497
8,75,1166.3649246
8,76,1107.07118751
8,77,1100.04303294
8,78,1119.89023773
8,79,1080.42514956
9,0,972.865736061
9,1,986.486160567
9,2,850.805909455
9,3,883.425947457
9,4,757.132905314
9,5,962.408019988
9,6,995.996722668
9,7,848.276504672
9,8,1005.58285518
9,9,920.121516904
9,10,977.365347587
9,11,996.04589934
9,12,995.091225697
9,13,928.013524933
9,14,911.568008746
9,15,855.84898895
9,16,869.389117931
9,17,910.154220163
9,18,895.164720351
9,19,910.318575361
9,20,508.215623157
9,21,896.625471306
9,22,634.777280576
9,23,915.08950667
9,24,876.233459062
9,25,913.629226434
9,26,758.414094389
9,27,819.574699738
9,28,908.151961215
9,29,929.637071157
9,30,898.705981765
9,31,876.592903432
9,32,934.904036004
9,33,785.525402394
9,34,733.732628441
9,35,925.068902383
9,36,904.287827004
9,37,885.612625426
9,38,690.613561638
9,39,704.896056993
9,40,937.746656429
9,41,1034.43454362
9,42,1003.65509881
9,43,1022.81813699
9,44,990.655580733
9,45,997.35225554
9,46,1029.20462186
9,47,852.491374236
9,48,984.486900763
9,49,890.902909976
9,50,1018.09754846
9,51,952.098954584
9,52,967.926480637
9,53,1037.24253174
9,54,986.966427575
9,55,1035.16640241
9,56,984.351831702
9,57,808.197055425
9,58,1044.55312541
9,59,844.140043548
9,60,993.082464658
9,61,966.470788087
9,62,1018.77449141
9,63,1043.73908011
9,64,967.063953284
9,65,975.117074281
9,66,969.23548402
9,67,1016.82970552
9,68,1019.69239088
9,69,1036.39044141
9,70,923.848421649
9,71,1030.91709717
9,72,1008.54611683
9,73,993.159844048
9,74,927.379891035
9,75,1035.85575097
9,76,964.317244004
9,77,956.571491267
9,78,976.252792498
9,79,938.260458013
10,0,1049.33701763
10,1,1061.2635683
10,2,909.00423993
10,3,941.550089124
10,4,802.738794787
10,5,1034.90959388
10,6,1072.65534042
10,7,897.03042764
10,8,1079.80484394
10,9,977.365347587
10,10,1049.3170417
10,11,1066.73091847
10,12,1068.9495037
10,13,1002.11411544
10,14,988.040477501
10,15,917.098450104
10,16,920.248237378
10,17,983.373566898
10,18,963.163311938
10,19,974.238103424
10,20,560.226906547
10,21,968.997690278
10,22,691.043094436
10,23,982.725103294
10,24,952.562783071
10,25,991.469254046
10,26,817.868475606
10,27,889.944839242
10,28,979.868105996
10,29,1007.15480483
10,30,970.669180337
10,31,953.705370831
10,32,1012.15929828
10,33,852.559495018
10,34,797.333435136
10,35,990.144470332
10,36,980.638438521
10,37,953.990546116
10,38,744.606088643
10,39,765.111329213
10,40,1010.77130469
10,41,1114.17541275
10,42,1071.67417688
10,43,1097.37424476
10,44,1073.84633479
10,45,1080.63002668
10,46,1102.29351922
10,47,925.114788716
10,48,1062.18006378
10,49,954.436904799
10,50,1087.78644197
10,51,1032.95655826
10,52,1036.16152809
10,53,1118.76810181
10,54,1054.3231842
10,55,1109.03026758
10,56,1048.80991437
10,57,880.732019363
10,58,1123.85524844
10,59,916.723545325
10,60,1066.32438183
10,61,1028.48356813
10,62,1093.89166565
10,63,1123.44620269
10,64,1036.3868019
10,65,1051.95018191
10,66,1047.26563195
10,67,1086.28792522
10,68,1101.98529964
10,69,1118.46066002
10,70,1003.05899887
10,71,1105.41478904
10,72,1086.83086014
10,73,1064.49449877
10,74,1000.01432397
10,75,1117.22500739
10,76,1045.35999002
10,77,1032.88644093
10,78,1057.07938356
10,79,1012.58516136
11,0,1068.08729401
11,1,1106.2891915
11,2,912.774167394
11,3,949.430736135
11,4,805.607123088
11,5,1049.13158699
11,6,1096.68997057
11,7,917.757110564
11,8,1112.18567567
11,9,996.04589934
11,10,1066.73091847
11,11,1100.11859299
11,12,1091.90562149
11,13,1015.80710798
11,14,1013.55626151
11,15,920.773190459
11,16,938.743903811
11,17,996.441104876
11,18,970.515268031
11,19,982.304490332
11,20,598.70222357
11,21,1013.503395
11,22,738.072781308
11,23,1027.46691279
11,24,991.945646312
11,25,1027.01545917
11,26,867.161189902
11,27,935.521764041
11,28,1024.39507676
11,29,1042.73726857
11,30,1000.22470424
11,31,987.99454786
11,32,1048.2487699
11,33,899.973774781
11,34,845.141221931
11,35,1031.8578048
11,36,1012.69251609
11,37,1000.49501677
11,38,793.509211292
11,39,813.629104947
11,40,1065.67695178
11,41,1158.1440284
11,42,1113.77989467
11,43,1143.88901432
11,44,1111.8105352
11,45,1119.93798732
11,46,1145.0402662
11,47,978.305787128
11,48,1113.91041242
11,49,969.630392186
11,50,1122.01135794
11,51,1063.75033869
11,52,1086.07374113
11,53,1153.5921762
11,54,1099.76360653
11,55,1149.60369523
11,56,1080.72984525
11,57,925.851426628
11,58,1162.56986569
11,59,969.166526509
11,60,1089.95779592
11,61,1065.35485636
11,62,1141.59698941
11,63,1163.09733284
11,64,1087.44165565
11,65,1104.63461347
11,66,1071.46663064
11,67,1120.3723381
11,68,1144.99732598
11,69,1155.06970861
11,70,1033.11066523
11,71,1137.48547708
11,72,1113.18652336
11,73,1113.95333445
11,74,1055.24284007
11,75,1151.18617477
11,76,1091.73881939
11,77,1086.44644948
11,78,1104.80160136
11,79,1067.33348477
12,0,1070.18756478
12,1,1091.05684995
12,2,921.019778692
12,3,955.228145169
12,4,812.348749518
12,5,1053.36588051
12,6,1095.59519498
12,7,913.962123042
12,8,1105.27966142
12,9,995.091225697
12,10,1068.9495037
12,11,1091.90562149
12,12,1091.05135911
12,13,1020.52947025
12,14,1011.11001812
12,15,929.53437016
12,16,936.782739346
12,17,1001.36221163
12,18,978.122009196
12,19,988.893359024
12,20,583.117746965
12,21,998.056459006
12,22,717.89251107
12,23,1011.0849088
12,24,980.362803967
12,25,1018.09707883
12,26,846.249405799
12,27,918.964676294
12,28,1008.83568262
12,29,1033.75429852
12,30,993.965873273
12,31,979.698080954
12,32,1038.91464767
12,33,881.609817602
12,34,825.852372111
12,35,1016.92904084
12,36,1005.65934394
12,37,983.084336159
12,38,771.82229559
12,39,793.255023309
12,40,1043.52741066
12,41,1144.49598641
12,42,1099.33004272
12,43,1127.66912687
12,44,1102.48474259
12,45,1109.78989398
12,46,1131.04941223
12,47,957.057347006
12,48,1094.73792925
12,49,971.248796296
12,50,1112.92850034
12,51,1058.48050234
12,52,1066.46544894
12,53,1146.07491253
12,54,1082.9904916
12,55,1137.15846072
12,56,1072.21731905
12,57,909.738341508
12,58,1152.24011862
12,59,948.382766315
12,60,1088.03102008
12,61,1053.24823514
12,62,1124.68477302
12,63,1152.23657254
12,64,1067.26009128
12,65,1084.66759997
12,66,1069.89588875
12,67,1111.33979442
12,68,1132.37370792
12,69,1146.51601843
12,70,1027.98006727
12,71,1130.55484306
12,72,1110.38298518
12,73,1095.20595444
12,74,1032.79617296
12,75,1144.1827442
12,76,1076.59152004
12,77,1065.77914788
12,78,1088.77572705
12,79,1045.50938575
13,0,1006.79000798
13,1,1015.31157639
13,2,869.727573142
13,3,897.840090539
13,4,765.813588716
13,5,990.586559875
13,6,1026.46675318
13,7,850.571657859
13,8,1030.19564607
13,9,928.013524933
13,10,1002.11411544
13,11,1015.80710798
13,12,1020.52947025
13,13,964.699534681
13,14,954.523905728
13,15,879.469700402
13,16,872.896116419
13,17,947.797095302
13,18,925.424894628
13,19,931.129911088
13,20,540.938930202
13,21,923.512409457
13,22,658.91970083
13,23,935.559549007
13,24,912.803704445
13,25,952.777564311
13,26,776.52814195
13,27,848.83067073
13,28,933.581297089
13,29,967.408179459
13,30,938.109040372
13,31,918.477858372
13,32,971.610157871
13,33,812.158998275
13,34,759.667595408
13,35,945.031324241
13,36,945.683024749
13,37,907.38903911
13,38,706.878651078
13,39,728.243824295
13,40,966.10034072
13,41,1065.11775885
13,42,1020.55851564
13,43,1046.3689968
13,44,1033.65832311
13,45,1039.30971158
13,46,1050.80012933
13,47,889.936022153
13,48,1015.82775077
13,49,920.562370985
13,50,1038.05822192
13,51,997.937327946
13,52,986.849838153
13,53,1072.67016221
13,54,1003.72810704
13,55,1057.81113347
13,56,1000.68975981
13,57,852.252589964
13,58,1074.69532675
13,59,882.616640122
13,60,1024.00053689
13,61,979.587865105
13,62,1043.32208492
13,63,1074.34796474
13,64,987.459994714
13,65,1005.92509255
13,66,1010.40623586
13,67,1036.62080751
13,68,1056.33881137
13,69,1072.29522444
13,70,970.382316104
13,71,1057.1727674
13,72,1044.78620908
13,73,1014.29611436
13,74,956.158147692
13,75,1071.44759819
13,76,1004.66331611
13,77,988.41201078
13,78,1014.52372794
13,79,968.663950219
14,0,998.257654894
14,1,1030.70755212
14,2,846.433225674
14,3,875.310196481
14,4,742.406908835
14,5,975.530649549
14,6,1020.41394233
14,7,837.564500245
14,8,1028.8067134
14,9,911.568008746
14,10,988.040477501
14,11,1013.55626151
14,12,1011.11001812
14,13,954.523905728
14,14,962.432572879
14,15,857.590060687
14,16,857.191464985
14,17,938.479084005
14,18,907.75904268
14,19,909.797202748
14,20,574.03648482
14,21,941.873233405
14,22,688.84810072
14,23,951.878670566
14,24,931.735205221
14,25,968.989287307
14,26,800.738155624
14,27,871.608748531
14,28,951.150068445
14,29,982.758920892
14,30,952.923800644
14,31,936.175948472
14,32,986.76454224
14,33,836.659332064
14,34,786.390554986
14,35,959.897231124
14,36,961.357934176
14,37,925.937868276
14,38,733.138793773
14,39,755.800892447
14,40,994.76516316
14,41,1079.85971878
14,42,1029.46264217
14,43,1060.71124064
14,44,1051.15673829
14,45,1057.21137456
14,46,1060.82004049
14,47,926.904563195
14,48,1040.45607464
14,49,916.46195725
14,50,1040.75194568
14,51,1011.97411081
14,52,1005.03760595
14,53,1081.22146076
14,54,1016.22314815
14,55,1066.11870484
14,56,1001.6983485
14,57,887.56534049
14,58,1084.07701913
14,59,919.93021017
14,60,1022.75799019
14,61,984.467385701
14,62,1059.32985468
14,63,1084.79864222
14,64,1007.32392408
14,65,1031.67016797
14,66,1014.96295982
14,67,1039.19195353
14,68,1073.85937455
14,69,1082.73507751
14,70,985.64431193
14,71,1059.78293941
14,72,1047.28116048
14,73,1031.69355927
14,74,985.93103448
14,75,1079.34468531
14,76,1030.32557579
14,77,1016.55100702
14,78,1039.64734007
14,79,998.19893254
15,0,915.685884405
15,1,907.582194088
15,2,809.973992392
15,3,834.27603095
15,4,718.690208709
15,5,907.352986886
15,6,931.657456004
15,7,785.145907245
15,8,932.30889701
15,9,855.84898895
15,10,917.098450104
15,11,920.773190459
15,12,929.53437016
15,13,879.469700402
15,14,857.590060687
15,15,816.76597441
15,16,807.022037863
15,17,863.853652138
15,18,852.269977863
15,19,861.852005499
15,20,458.877773635
15,21,817.350619325
15,22,567.062231481
15,23,833.653860825
15,24,806.268886296
15,25,847.797233424
15,26,679.72079458
15,27,743.929830876
15,28,828.016621449
15,29,862.877942192
15,30,843.551966676
15,31,814.795884355
15,32,867.004830439
15,33,709.362698429
15,34,660.045351821
15,35,847.901300812
15,36,844.715949047
15,37,803.585122652
15,38,615.779957542
15,39,631.48657624
15,40,852.070087704
15,41,952.310976703
15,42,920.349015402
15,43,936.900919216
15,44,920.874216261
15,45,925.563364748
15,46,945.345633562
15,47,776.68164275
15,48,899.487279622
15,49,846.018862375
15,50,942.14703062
15,51,892.512336859
15,52,881.076215979
15,53,964.632097544
15,54,901.847893742
15,55,953.182713515
15,56,911.534161913
15,57,744.365528182
15,58,966.140744801
15,59,769.841405094
15,60,933.239437506
15,61,888.945708757
15,62,932.484342834
15,63,964.696799887
15,64,879.849606142
15,65,889.761071135
15,66,913.644767327
15,67,941.036507608
15,68,941.369987488
15,69,962.331901541
15,70,867.068528188
15,71,958.404385916
15,72,946.610348827
15,73,905.866833125
15,74,842.232775027
15,75,964.215342707
15,76,888.114584346
15,77,872.033781635
15,78,897.430227692
15,79,853.401763384
16,0,915.065575555
16,1,929.449443574
16,2,802.968277662
16,3,834.069807982
16,4,717.042789094
16,5,905.878012345
16,6,937.093350521
16,7,803.709325782
16,8,946.958983002
16,9,869.389117931
16,10,920.248237378
16,11,938.743903811
16,12,936.782739346
16,13,872.896116419
16,14,857.191464985
16,15,807.022037863
16,16,823.110228303
16,17,856.120987757
16,18,842.895963157
16,19,858.227237405
16,20,473.182571184
16,21,840.080508137
16,22,592.811139839
16,23,860.228890913
16,24,819.624925072
16,25,856.204047579
16,26,710.941479362
16,27,766.132724583
16,28,851.561495438
16,29,871.964583248
16,30,846.469747575
16,31,820.806574256
16,32,877.096355855
16,33,734.28865026
16,34,685.522856798
16,35,872.268149189
16,36,848.821800364
16,37,830.766926238
16,38,647.652917636
16,39,658.899805574
16,40,882.045931302
16,41,972.856352783
16,42,947.198297629
16,43,963.234980681
16,44,930.226091258
16,45,936.546593135
16,46,969.928446556
16,47,800.56230035
16,48,925.433868616
16,49,842.529637415
16,50,960.859065514
16,51,894.385299238
16,52,912.637409728
16,53,975.441039105
16,54,931.321959218
16,55,975.479631273
16,56,930.501231294
16,57,758.429563966
16,58,982.894028842
16,59,792.599168544
16,60,936.500728121
16,61,913.969929564
16,62,959.155389813
16,63,981.949464712
16,64,911.41788153
16,65,916.70286181
16,66,912.066315234
16,67,959.731718757
16,68,958.044068068
16,69,974.370617751
16,70,867.88463878
16,71,971.715451179
16,72,949.473342244
16,73,935.801125328
16,74,872.230279601
16,75,974.206977317
16,76,905.315275759
16,77,899.08497802
16,78,916.74967392
16,79,882.135368963
17,0,988.562613671
17,1,996.755202527
17,2,854.04663863
17,3,881.159933635
17,4,751.959896841
17,5,972.375288992
17,6,1007.49574281
17,7,834.246425204
17,8,1010.77594729
17,9,910.154220163
17,10,983.373566898
17,11,996.441104876
17,12,1001.36221163
17,13,947.797095302
17,14,938.479084005
17,15,863.853652138
17,16,856.120987757
17,17,931.432436591
17,18,909.084320255
17,19,914.01628933
17,20,531.258070014
17,21,905.433625685
17,22,645.79441958
17,23,917.451500446
17,24,895.606794179
17,25,935.54720913
17,26,760.811733077
17,27,832.062158873
17,28,915.351276221
17,29,949.948934695
17,30,922.760725448
17,31,902.128125597
17,32,953.997186039
17,33,795.925525753
17,34,744.453327485
17,35,927.559894239
17,36,929.387669629
17,37,889.433287956
17,38,692.595504266
17,39,713.572357501
17,40,948.170869296
17,41,1045.37421744
17,42,1001.39463994
17,43,1026.68039512
17,44,1015.51533066
17,45,1020.9170027
17,46,1031.08547489
17,47,874.316860463
17,48,996.998859611
17,49,905.633635889
17,50,1018.97299857
17,51,981.150272503
17,52,968.208509504
17,53,1053.31644132
17,54,984.799597462
17,55,1038.06453219
17,56,982.456020876
17,57,838.155210903
17,58,1054.91049429
17,59,867.251564263
17,60,1006.192122
17,61,961.463421672
17,62,1023.69805779
17,63,1054.55094348
17,64,968.821104012
17,65,987.269152442
17,66,993.360602676
17,67,1017.5700039
17,68,1037.11522239
17,69,1052.89625736
17,70,954.323536313
17,71,1037.96558889
17,72,1026.55294888
17,73,995.137135235
17,74,938.467482831
17,75,1052.16894569
17,76,986.761832494
17,77,970.186188227
17,78,996.225259107
17,79,950.782832484
18,0,964.396529944
18,1,962.179452923
18,2,843.955403768
18,3,870.017711452
18,4,745.846466554
18,5,952.718827996
18,6,981.914803848
18,7,820.457557277
18,8,983.516718007
18,9,895.164720351
18,10,963.163311938
18,11,970.515268031
18,12,978.122009196
18,13,925.424894628
18,14,907.75904268
18,15,852.269977863
18,16,842.895963157
18,17,909.084320255
18,18,892.935922886
18,19,900.613580236
18,20,498.714013683
18,21,871.167263079
18,22,612.088186405
18,23,885.350945841
18,24,860.448876035
18,25,901.587838688
18,26,727.814902342
18,27,796.621074749
18,28,881.582499382
18,29,916.499525965
18,30,892.118169576
18,31,867.809253554
18,32,920.656318015
18,33,760.705985007
18,34,709.479173029
18,35,897.285604821
18,36,896.565946652
18,37,856.037279664
18,38,660.649355009
18,39,679.289287249
18,40,908.750707727
18,41,1009.90524284
18,42,971.771642673
18,43,992.656662785
18,44,978.421959681
18,45,983.538611387
18,46,999.464145426
18,47,832.326051554
18,48,957.846761413
18,49,885.926478534
18,50,992.10909284
18,51,946.733489154
18,52,934.403108042
18,53,1020.58460019
18,54,953.735134135
18,55,1007.09022999
18,56,958.096737322
18,57,797.577091832
18,58,1022.13333039
18,59,825.229314101
18,60,981.2619326
18,61,935.773873491
18,62,988.786065324
18,63,1021.14477626
18,64,933.976572914
18,65,947.900195911
18,66,964.407582669
18,67,990.83886933
18,68,999.903096925
18,69,1019.06896894
18,70,920.09075713
18,71,1010.01280026
18,72,998.203691688
18,73,960.698859624
18,74,898.753757689
18,75,1019.83281286
18,76,946.678422304
18,77,930.056450159
18,78,956.28223813
18,79,910.672457711
19,0,971.906624518
19,1,969.478556745
19,2,855.197288432
19,3,883.325830336
19,4,758.340040703
19,5,962.45334426
19,6,990.828233105
19,7,835.440877343
19,8,993.990056066
19,9,910.318575361
19,10,974.238103424
19,11,982.304490332
19,12,988.893359024
19,13,931.129911088
19,14,909.797202748
19,15,861.852005499
19,16,858.227237405
19,17,914.01628933
19,18,900.613580236
19,19,912.346422787
19,20,496.07080702
19,21,878.837730655
19,22,614.925216593
19,23,894.971128216
19,24,864.677885374
19,25,905.466947749
19,26,735.012544066
19,27,801.994666379
19,28,889.866726795
19,29,921.096572104
19,30,894.556772751
19,31,869.949974225
19,32,925.717627386
19,33,766.112583995
19,34,713.958279393
19,35,906.723037885
19,36,899.076607472
19,37,864.884605459
19,38,666.893543094
19,39,683.889261165
19,40,914.832524609
19,41,1018.16817617
19,42,983.677807853
19,43,1002.74872337
19,44,981.770282798
19,45,987.354318715
19,46,1010.52065385
19,47,833.442023294
19,48,964.266688178
19,49,892.117841846
19,50,1003.86270561
19,51,948.403072793
19,52,944.429235226
19,53,1027.84020999
19,54,965.111082255
19,55,1018.09107085
19,56,970.236286915
19,57,795.7955017
19,58,1031.10899093
19,59,825.835095368
19,60,989.402723316
19,61,948.211698328
19,62,998.405663731
19,63,1029.89874591
19,64,943.466403971
19,65,954.214865876
19,66,968.308408156
19,67,1002.62026059
19,68,1005.89405719
19,69,1026.05328154
19,70,920.854616986
19,71,1020.24779641
19,72,1004.79898974
19,73,970.66569748
19,74,904.431724685
19,75,1027.03882957
19,76,949.888089631
19,77,935.539400312
19,78,960.417150574
19,79,916.115068329
20,0,573.582246837
20,1,639.260196662
20,2,449.717754015
20,3,471.676632418
20,4,379.630107599
20,5,549.373541998
20,6,593.389839003
20,7,464.892399129
20,8,608.797850524
20,9,508.215623157
20,10,560.226906547
20,11,598.70222357
20,12,583.117746965
20,13,540.938930202
20,14,574.03648482
20,15,458.877773635
20,16,473.182571184
20,17,531.258070014
20,18,498.714013683
20,19,496.07080702
20,20,482.350519463
20,21,687.931604624
20,22,560.284361693
20,23,676.347350447
20,24,679.564408282
20,25,682.114502558
20,26,615.338213767
20,27,660.909544816
20,28,688.997284425
20,29,685.04513813
20,30,627.979305183
20,31,664.520433093
20,32,687.224151317
20,33,644.27444665
20,34,617.785549487
20,35,656.057866431
20,36,659.444234892
20,37,676.832277245
20,38,574.218818127
20,39,599.385993275
20,40,696.462539633
20,41,710.400141119
20,42,659.141640112
20,43,697.515650196
20,44,693.446514476
20,45,699.531266069
20,46,684.276018889
20,47,674.150026029
20,48,713.852827133
20,49,524.971496243
20,50,645.944469215
20,51,652.818238522
20,52,671.774796511
20,53,690.704059147
20,54,661.455108585
20,55,682.339323868
20,56,611.935296202
20,57,636.64937423
20,58,696.77498451
20,59,669.977950623
20,60,617.138748039
20,61,613.483089899
20,62,701.599053916
20,63,700.504085879
20,64,678.561810624
20,65,711.539208629
20,66,627.379750402
20,67,644.414397645
20,68,712.669730031
20,69,697.445768885
20,70,637.029388408
20,71,658.453392264
20,72,646.833937091
20,73,687.44262036
20,74,693.908381954
20,75,687.303815779
20,76,705.952014092
20,77,708.481130152
20,78,711.812380318
20,79,700.976934654
21,0,976.139292083
21,1,1042.6682211
21,2,807.639651414
21,3,844.640561847
21,4,699.016932835
21,5,950.981195137
21,6,1006.34542459
21,7,822.01236924
21,8,1026.20259914
21,9,896.625471306
21,10,968.997690278
21,11,1013.503395
21,12,998.056459006
21,13,923.512409457
21,14,941.873233405
21,15,817.350619325
21,16,840.080508137
21,17,905.433625685
21,18,871.167263079
21,19,878.837730655
21,20,687.931604624
21,21,1087.86547735
21,22,828.911464171
21,23,1086.27282847
21,24,1065.9205287
21,25,1086.05891097
21,26,947.985926183
21,27,1019.64183614
21,28,1095.15558403
21,29,1096.90347579
21,30,1017.69731404
21,31,1049.11896759
21,32,1101.96393235
21,33,986.205568158
21,34,933.657895235
21,35,1067.19482386
21,36,1056.05363031
21,37,1072.55487807
21,38,874.857339296
21,39,902.274159745
21,40,1090.85985032
21,41,1152.2318882
21,42,1090.11337777
21,43,1135.79233772
21,44,1110.40073745
21,45,1119.88645526
21,46,1126.3471119
21,47,1023.55776487
21,48,1129.96228686
21,49,896.870258518
21,50,1082.73508393
21,51,1051.30706956
21,52,1084.93136341
21,53,1133.3597761
21,54,1084.5225161
21,55,1127.05124759
21,56,1033.01786244
21,57,963.431371996
21,58,1144.18525792
21,59,1015.02153928
21,60,1039.26712464
21,61,1027.35473669
21,62,1137.50286631
21,63,1147.32327761
21,64,1090.70834505
21,65,1123.18443876
21,66,1036.14126312
21,67,1080.6166097
21,68,1145.26222341
21,69,1139.37347896
21,70,1021.78540194
21,71,1100.15200103
21,72,1075.71855502
21,73,1111.96564978
21,74,1083.10013064
21,75,1129.30529608
21,76,1109.41308854
21,77,1110.55100813
21,78,1121.67845257
21,79,1094.68676499
22,0,700.959345921
22,1,777.034847685
22,2,558.488304772
22,3,587.941334179
22,4,476.108893652
22,5,675.960240831
22,6,726.894088521
22,7,582.149759146
22,8,747.879226981
22,9,634.777280576
22,10,691.043094436
22,11,738.072781308
22,12,717.89251107
22,13,658.91970083
22,14,688.84810072
22,15,567.062231481
22,16,592.811139839
22,17,645.79441958
22,18,612.088186405
22,19,614.925216593
22,20,560.284361693
22,21,828.911464171
22,22,668.585180589
22,23,817.896111536
22,24,812.05238761
22,25,813.93645789
22,26,743.186126059
22,27,793.141174273
22,28,831.100463006
22,29,818.534617675
22,30,745.589928499
22,31,789.828385284
22,32,821.931598168
22,33,773.94165657
22,34,740.744317754
22,35,791.956165143
22,36,784.063648026
22,37,818.097886881
22,38,692.258053173
22,39,719.315099595
22,40,837.937885877
22,41,858.790372689
22,42,803.795753078
22,43,846.835467945
22,44,828.917155198
22,45,837.053114987
22,46,832.489497244
22,47,798.591895449
22,48,859.421501375
22,49,633.812564535
22,50,787.418783182
22,51,777.654840143
22,52,815.984328694
22,53,833.504108188
22,54,805.812821943
22,55,829.979984976
22,56,747.245172195
22,57,746.5363235
22,58,843.72518041
22,59,792.210920062
22,60,747.267879872
22,61,749.715481479
22,62,850.920537239
22,63,847.798854283
22,64,823.182066678
22,65,856.463360751
22,66,752.514269021
22,67,785.627369992
22,68,857.057824532
22,69,841.011456822
22,70,756.76098917
22,71,799.940875768
22,72,780.317646272
22,73,834.678747614
22,74,833.969948066
22,75,829.385566525
22,76,842.612128494
22,77,850.96812079
22,78,851.751303823
22,79,841.921827621
23,0,987.916870846
23,1,1054.44097903
23,2,825.104447498
23,3,862.590080877
23,4,719.680293142
23,5,964.389452085
23,6,1018.23268376
23,7,842.510822586
23,8,1038.8733335
23,9,915.08950667
23,10,982.725103294
23,11,1027.46691279
23,12,1011.0849088
23,13,935.559549007
23,14,951.878670566
23,15,833.653860825
23,16,860.228890913
23,17,917.451500446
23,18,885.350945841
23,19,894.971128216
23,20,676.347350447
23,21,1086.27282847
23,22,817.896111536
23,23,1094.14061253
23,24,1061.86563008
23,25,1089.09824124
23,26,943.696166382
23,27,1011.16625299
23,28,1096.00731557
23,29,1102.63454363
23,30,1035.13948818
23,31,1049.8901539
23,32,1108.22981499
23,33,976.902001371
23,34,923.099154088
23,35,1084.23493935
23,36,1064.47841437
23,37,1073.22209831
23,38,870.70754392
23,39,892.348026111
23,40,1095.80698592
23,41,1161.93521861
23,42,1107.80146717
23,43,1148.10141987
23,44,1116.83164849
23,45,1126.14930065
23,46,1141.49299811
23,47,1023.74869586
23,48,1135.23007688
23,49,921.15835978
23,50,1102.8232308
23,51,1059.95220896
23,52,1097.59610633
23,53,1145.24969796
23,54,1100.58319192
23,55,1142.71003741
23,56,1055.76215669
23,57,964.032579729
23,58,1156.83070863
23,59,1014.99506234
23,60,1059.08464524
23,61,1049.07522281
23,62,1148.67920554
23,63,1159.24959664
23,64,1102.04881729
23,65,1128.20701799
23,66,1050.59989891
23,67,1100.85201719
23,68,1152.29791857
23,69,1150.09601882
23,70,1030.2697849
23,71,1118.14816294
23,72,1091.53597131
23,73,1123.95621474
23,74,1087.56029592
23,75,1141.55486615
23,76,1112.64875375
23,77,1114.44926641
23,78,1125.33447105
23,79,1098.61405162
24,0,962.557698491
24,1,1021.89507619
24,2,795.202592169
24,3,829.191813464
24,4,685.80093559
24,5,936.627700816
24,6,990.104912252
24,7,801.198855906
24,8,1006.20142703
24,9,876.233459062
24,10,952.562783071
24,11,991.945646312
24,12,980.362803967
24,13,912.803704445
24,14,931.735205221
24,15,806.268886296
24,16,819.624925072
24,17,895.606794179
24,18,860.448876035
24,19,864.677885374
24,20,679.564408282
24,21,1065.9205287
24,22,812.05238761
24,23,1061.86563008
24,24,1050.21618316
24,25,1071.51094946
24,26,925.098024914
24,27,1000.50809099
24,28,1072.39506093
24,29,1081.42251504
24,30,1005.22108432
24,31,1036.85937206
24,32,1085.80649804
24,33,966.434623353
24,34,914.869880307
24,35,1044.09342993
24,36,1043.46010751
24,37,1048.42870958
24,38,853.076746214
24,39,883.004196791
24,40,1067.79420415
24,41,1130.63423342
24,42,1065.16774767
24,43,1111.30380313
24,44,1096.01558411
24,45,1104.6605273
24,46,1102.08874184
24,47,1006.64993118
24,48,1107.81279026
24,49,884.839615096
24,50,1060.5402865
24,51,1040.2735161
24,52,1059.26800417
24,53,1115.63442809
24,54,1058.97941991
24,55,1103.57101617
24,56,1011.12353984
24,57,952.234012208
24,58,1123.4564269
24,59,998.945391712
24,60,1023.48468736
24,61,1003.55941399
24,62,1113.12961853
24,63,1126.54740346
24,64,1065.2371988
24,65,1100.79123975
24,66,1024.21236606
24,67,1058.43738334
24,68,1126.56180071
24,69,1121.44619176
24,70,1011.82957712
24,71,1080.10813084
24,72,1060.74490176
24,73,1086.57439592
24,74,1060.34523369
24,75,1111.86323166
24,76,1092.77155533
24,77,1088.76025854
24,78,1103.57354972
24,79,1072.43590954
25,0,1001.56016418
25,1,1054.71865631
25,2,836.466138931
25,3,869.437495628
25,4,725.20530599
25,5,976.415839037
25,6,1027.86454629
25,7,836.766403102
25,8,1041.80687784
25,9,913.629226434
25,10,991.469254046
25,11,1027.01545917
25,12,1018.09707883
25,13,952.777564311
25,14,968.989287307
25,15,847.797233424
25,16,856.204047579
25,17,935.54720913
25,18,901.587838688
25,19,905.466947749
25,20,682.114502558
25,21,1086.05891097
25,22,813.93645789
25,23,1089.09824124
25,24,1071.51094946
25,25,1103.50482539
25,26,934.614316344
25,27,1011.87162269
25,28,1094.73154321
25,29,1116.13674291
25,30,1051.73009882
25,31,1066.4556425
25,32,1120.68262691
25,33,974.805298725
25,34,920.239039006
25,35,1081.0285003
25,36,1081.97847091
25,37,1068.16928016
25,38,860.394975257
25,39,887.287822203
25,40,1091.67405788
25,41,1165.02301357
25,42,1102.3401448
25,43,1144.97656293
25,44,1131.21192244
25,45,1139.2517867
25,46,1138.91021424
25,47,1027.13849355
25,48,1135.00334475
25,49,935.154243075
25,50,1103.2560757
25,51,1079.03566896
25,52,1089.47605672
25,53,1155.78865027
25,54,1093.31109709
25,55,1141.90947606
25,56,1054.84947771
25,57,975.970023906
25,58,1162.00857728
25,59,1019.53276723
25,60,1071.17674041
25,61,1043.64382653
25,62,1145.64975013
