0,0,2991.09149899
0,1,3002.34394111
0,2,3050.54516908
0,3,3104.59264139
0,4,3136.00237932
0,5,3151.08664594
0,6,3155.44849505
0,7,3152.66976155
0,8,3145.02854707
0,9,3134.21209453
0,10,3121.52227026
0,11,3107.87375379
0,12,3093.77976186
0,13,3079.70424289
0,14,3065.86170968
0,15,3052.43130851
0,16,3039.49690637
0,17,3027.10631163
0,18,3015.30599462
0,19,3004.10573749
0,20,2993.49118382
0,21,2983.4370957
0,22,2973.91415384
0,23,2964.89177127
0,24,2956.33921334
1,0,3002.34394111
1,1,3021.23395901
1,2,3076.47745536
1,3,3135.88753348
1,4,3170.94407962
1,5,3188.30334163
1,6,3193.97642734
1,7,3191.82114984
1,8,3184.31607197
1,9,3173.30542013
1,10,3160.20312494
1,11,3146.00713182
1,12,3131.27647869
1,13,3116.5176198
1,14,3101.96481559
1,15,3087.81663102
1,16,3074.16674757
1,17,3061.07075472
1,18,3048.5857503
1,19,3036.72710767
1,20,3025.48220494
1,21,3014.82566549
1,22,3004.72778144
1,23,2995.15768416
1,24,2986.08394926
2,0,3050.54516908
2,1,3076.47745536
2,2,3140.59000898
2,3,3208.11910642
2,4,3249.2207084
2,5,3270.87973352
2,6,3279.54784228
2,7,3279.40113785
2,8,3273.16512759
2,9,3262.88496563
2,10,3250.12564938
2,11,3236.00169572
2,12,3221.14123876
2,13,3206.11642469
2,14,3191.19584099
2,15,3176.61214415
2,16,3162.47875536
2,17,3148.86790124
2,18,3135.85769952
2,19,3123.47633511
2,20,3111.71755029
2,21,3100.55897016
2,22,3089.97325246
2,23,3079.93185324
2,24,3070.40471441
3,0,3104.59264139
3,1,3135.88753348
3,2,3208.11910642
3,3,3283.96894009
3,4,3331.64841894
3,5,3358.26640549
3,6,3370.61321561
3,7,3373.13819793
3,8,3368.79468312
3,9,3359.82056574
3,10,3347.93065306
3,11,3334.35784181
3,12,3319.80277586
3,13,3304.90750578
3,14,3289.97882253
3,15,3275.28748722
3,16,3260.97002783
3,17,3247.11848137
3,18,3233.83534533
3,19,3221.16432683
3,20,3209.10767135
3,21,3197.64775252
3,22,3186.76117227
3,23,3176.42317438
3,24,3166.60632846
4,0,3136.00237932
4,1,3170.94407962
4,2,3249.2207084
4,3,3331.64841894
4,4,3385.06444399
4,5,3416.34900016
4,6,3432.34944252
4,7,3437.67970025
4,8,3435.46045253
4,9,3428.08261759
4,10,3417.3848397
4,11,3404.70066937
4,12,3390.79386927
4,13,3376.36824298
4,14,3361.76539271
4,15,3347.29088577
4,16,3333.10309524
4,17,3319.31295161
4,18,3306.04564699
4,19,3293.35980762
4,20,3281.26641157
4,21,3269.75319795
4,22,3258.80131336
4,23,3248.39030119
4,24,3238.4959277
5,0,3151.08664594
5,1,3188.30334163
5,2,3270.87973352
5,3,3358.26640549
5,4,3416.34900016
5,5,3451.83065124
5,6,3471.34579857
5,7,3479.50961295
5,8,3479.54322107
5,9,3473.95013891
5,10,3464.66747551
5,11,3453.11262273
5,12,3440.10339734
5,13,3426.39780944
5,14,3412.36887834
5,15,3398.35383352
5,16,3384.53151905
5,17,3371.03073949
5,18,3357.99779656
5,19,3345.50556966
5,20,3333.57381244
5,21,3322.19600882
5,22,3311.35823814
5,23,3301.04467165
5,24,3291.23465916
6,0,3155.44849505
6,1,3193.97642734
6,2,3279.54784228
6,3,3370.61321561
6,4,3432.34944252
6,5,3471.34579857
6,6,3494.047857
6,7,3504.91923268
6,8,3507.19302887
6,9,3503.44058679
6,10,3495.67076978
6,11,3485.36761937
6,12,3473.39347376
6,13,3460.55293399
6,14,3447.2466111
6,15,3433.84001465
6,16,3420.53069504
6,17,3407.46397685
6,18,3394.80554014
6,19,3382.64161201
6,20,3371.0004538
6,21,3359.88134594
6,22,3349.27539533
6,23,3339.17147611
6,24,3329.55266945
7,0,3152.66976155
7,1,3191.82114984
7,2,3279.40113785
7,3,3373.13819793
7,4,3437.67970025
7,5,3479.50961295
7,6,3504.91923268
7,7,3518.24772719
7,8,3522.65895377
7,9,3520.72135297
7,10,3514.48509329
7,11,3505.48276565
7,12,3494.61131085
7,13,3482.71440249
7,14,3470.21625223
7,15,3457.50724269
7,16,3444.80170147
7,17,3432.2599798
7,18,3420.06539584
7,19,3408.31652219
7,20,3397.04969563
7,21,3386.26985809
7,22,3375.97306915
7,23,3366.15283487
7,24,3356.79597491
8,0,3145.02854707
8,1,3184.31607197
8,2,3273.16512759
8,3,3368.79468312
8,4,3435.46045253
8,5,3479.54322107
8,6,3507.19302887
8,7,3522.65895377
8,8,3529.03549168
8,9,3528.82806435
8,10,3524.0919835
8,11,3516.38837557
8,12,3506.63818184
8,13,3495.71665926
8,14,3484.06753523
8,15,3472.10268862
8,16,3460.05121456
8,17,3448.08693149
8,18,3436.40908685
8,19,3425.12755438
8,20,3414.28621355
8,21,3403.89541029
8,22,3393.95597024
8,23,3384.4658653
8,24,3375.41556547
9,0,3134.21209453
9,1,3173.30542013
9,2,3262.88496563
9,3,3359.82056574
9,4,3428.08261759
9,5,3473.95013891
9,6,3503.44058679
9,7,3520.72135297
9,8,3528.82806435
9,9,3530.21147407
9,10,3526.89940991
9,11,3520.45297586
9,12,3511.80508981
9,13,3501.85488617
9,14,3491.06139769
9,15,3479.85464116
9,16,3468.47641391
9,17,3457.11239832
9,18,3445.97609775
9,19,3435.18761844
9,20,3424.79777814
9,21,3414.82198037
9,22,3405.2655481
9,23,3396.13068235
9,24,3387.41134531
10,0,3121.52227026
10,1,3160.20312494
10,2,3250.12564938
10,3,3347.93065306
10,4,3417.3848397
10,5,3464.66747551
10,6,3495.67076978
10,7,3514.48509329
10,8,3524.0919835
10,9,3526.89940991
10,10,3524.90454901
10,11,3519.64628962
10,12,3512.05593124
10,13,3503.04834877
10,14,3493.09348363
10,15,3482.63613425
10,16,3471.92870147
10,17,3461.16711059
10,18,3450.57749527
10,19,3440.28912557
10,20,3430.35911447
10,21,3420.80752196
10,22,3411.64384938
10,23,3402.87424764
10,24,3394.49596884
11,0,3107.87375379
11,1,3146.00713182
11,2,3236.00169572
11,3,3334.35784181
11,4,3404.70066937
11,5,3453.11262273
11,6,3485.36761937
11,7,3505.48276565
11,8,3516.38837557
11,9,3520.45297586
11,10,3519.64628962
11,11,3515.48378498
11,12,3508.88712799
11,13,3500.77571903
11,14,3491.62552365
11,15,3481.89268201
11,16,3471.83804885
11,17,3461.66615283
11,18,3451.6141721
11,19,3441.81947803
11,20,3432.34481329
11,21,3423.2144571
11,22,3414.44173804
11,23,3406.03645112
11,24,3397.99890774
12,0,3093.77976186
12,1,3131.27647869
12,2,3221.14123876
12,3,3319.80277586
12,4,3390.79386927
12,5,3440.10339734
12,6,3473.39347376
12,7,3494.61131085
12,8,3506.63818184
12,9,3511.80508981
12,10,3512.05593124
12,11,3508.88712799
12,12,3503.21248275
12,13,3495.94395023
12,14,3487.55798624
12,15,3478.51843034
12,16,3469.09237229
12,17,3459.49130738
12,18,3449.96193094
12,19,3440.64869049
12,20,3431.61930723
12,21,3422.90184457
12,22,3414.51310953
12,23,3406.46623932
12,24,3398.76437365
13,0,3079.70424289
13,1,3116.5176198
13,2,3206.11642469
13,3,3304.90750578
13,4,3376.36824298
13,5,3426.39780944
13,6,3460.55293399
13,7,3482.71440249
13,8,3495.71665926
13,9,3501.85488617
13,10,3503.04834877
13,11,3500.77571903
13,12,3495.94395023
13,13,3489.45582769
13,14,3481.78556261
13,15,3473.40061605
13,16,3464.57180368
13,17,3455.51587879
13,18,3446.48752492
13,19,3437.63724272
13,20,3429.03707602
13,21,3420.71842745
13,22,3412.70122631
13,23,3405.00164564
13,24,3397.62541534
14,0,3065.86170968
14,1,3101.96481559
14,2,3191.19584099
14,3,3289.97882253
14,4,3361.76539271
14,5,3412.36887834
14,6,3447.2466111
14,7,3470.21625223
14,8,3484.06753523
14,9,3491.06139769
14,10,3493.09348363
14,11,3491.62552365
14,12,3487.55798624
14,13,3481.78556261
14,14,3474.78115364
14,15,3467.01110852
14,16,3458.74721659
14,17,3450.20971265
14,18,3441.65970711
14,19,3433.25273572
14,20,3425.06452479
14,21,3417.12938635
14,22,3409.47003184
14,23,3402.10538016
14,24,3395.04352559
15,0,3052.43130851
15,1,3087.81663102
15,2,3176.61214415
15,3,3275.28748722
15,4,3347.29088577
15,5,3398.35383352
15,6,3433.84001465
15,7,3457.50724269
15,8,3472.10268862
15,9,3479.85464116
15,10,3482.63613425
15,11,3481.89268201
15,12,3478.51843034
15,13,3473.40061605
15,14,3467.01110852
15,15,3459.81380934
15,16,3452.08020752
15,17,3444.03234793
15,18,3435.93605318
15,19,3427.95081737
15,20,3420.15540248
15,21,3412.58660409
15,22,3405.26958384
15,23,3398.22572548
15,24,3391.46526826
16,0,3039.49690637
16,1,3074.16674757
16,2,3162.47875536
16,3,3260.97002783
16,4,3333.10309524
16,5,3384.53151905
16,6,3420.53069504
16,7,3444.80170147
16,8,3460.05121456
16,9,3468.47641391
16,10,3471.92870147
16,11,3471.83804885
16,12,3469.09237229
16,13,3464.57180368
16,14,3458.74721659
16,15,3452.08020752
16,16,3444.84194986
16,17,3437.25515534
16,18,3429.5882348
16,19,3422.00338222
16,20,3414.58172927
16,21,3407.36214057
16,22,3400.37191311
16,23,3393.63463145
16,24,3387.16247417
17,0,3027.10631163
17,1,3061.07075472
17,2,3148.86790124
17,3,3247.11848137
17,4,3319.31295161
17,5,3371.03073949
17,6,3407.46397685
17,7,3432.2599798
17,8,3448.08693149
17,9,3457.11239832
17,10,3461.16711059
17,11,3461.66615283
17,12,3459.49130738
17,13,3455.51587879
17,14,3450.20971265
17,15,3444.03234793
17,16,3437.25515534
17,17,3430.10149897
17,18,3422.84015575
17,19,3415.63469871
17,20,3408.56799847
17,21,3401.68061006
17,22,3395.00167852
17,23,3388.55674599
17,24,3382.35973959
18,0,3015.30599462
18,1,3048.5857503
18,2,3135.85769952
18,3,3233.83534533
18,4,3306.04564699
18,5,3357.99779656
18,6,3394.80554014
18,7,3420.06539584
18,8,3436.40908685
18,9,3445.97609775
18,10,3450.57749527
18,11,3451.6141721
18,12,3449.96193094
18,13,3446.48752492
18,14,3441.65970711
18,15,3435.93605318
18,16,3429.5882348
18,17,3422.84015575
18,18,3415.96005468
18,19,3409.11215295
18,20,3402.38061313
18,21,3395.80738231
18,22,3389.42320614
18,23,3383.25536103
18,24,3377.31934292
19,0,3004.10573749
19,1,3036.72710767
19,2,3123.47633511
19,3,3221.16432683
19,4,3293.35980762
19,5,3345.50556966
19,6,3382.64161201
19,7,3408.31652219
19,8,3425.12755438
19,9,3435.18761844
19,10,3440.28912557
19,11,3441.81947803
19,12,3440.64869049
19,13,3437.63724272
19,14,3433.25273572
19,15,3427.95081737
19,16,3422.00338222
19,17,3415.63469871
19,18,3409.11215295
19,19,3402.60026299
19,20,3396.18420212
19,21,3389.90709741
19,22,3383.80109085
19,23,3377.8949877
19,24,3372.20568407
20,0,2993.49118382
20,1,3025.48220494
20,2,3111.71755029
20,3,3209.10767135
20,4,3281.26641157
20,5,3333.57381244
20,6,3371.0004538
20,7,3397.04969563
20,8,3414.28621355
20,9,3424.79777814
20,10,3430.35911447
20,11,3432.34481329
20,12,3431.61930723
20,13,3429.03707602
20,14,3425.06452479
20,15,3420.15540248
20,16,3414.58172927
20,17,3408.56799847
20,18,3402.38061313
20,19,3396.18420212
20,20,3390.0647775
20,21,3384.06651434
20,22,3378.22278062
20,23,3372.56370498
20,24,3367.10741713
21,0,2983.4370957
21,1,3014.82566549
21,2,3100.55897016
21,3,3197.64775252
21,4,3269.75319795
21,5,3322.19600882
21,6,3359.88134594
21,7,3386.26985809
21,8,3403.89541029
21,9,3414.82198037
21,10,3420.80752196
21,11,3423.2144571
21,12,3422.90184457
21,13,3420.71842745
21,14,3417.12938635
21,15,3412.58660409
21,16,3407.36214057
21,17,3401.68061006
21,18,3395.80738231
21,19,3389.90709741
21,20,3384.06651434
21,21,3378.33080109
21,22,3372.73440467
21,23,3367.30855112
21,24,3362.07242876
22,0,2973.91415384
22,1,3004.72778144
22,2,3089.97325246
22,3,3186.76117227
22,4,3258.80131336
22,5,3311.35823814
22,6,3349.27539533
22,7,3375.97306915
22,8,3393.95597024
22,9,3405.2655481
22,10,3411.64384938
22,11,3414.44173804
22,12,3414.51310953
22,13,3412.70122631
22,14,3409.47003184
22,15,3405.26958384
22,16,3400.37191311
22,17,3395.00167852
22,18,3389.42320614
22,19,3383.80109085
22,20,3378.22278062
22,21,3372.73440467
22,22,3367.37136865
22,23,3362.16579849
22,24,3357.13778438
23,0,2964.89177127
23,1,2995.15768416
23,2,3079.93185324
23,3,3176.42317438
23,4,3248.39030119
23,5,3301.04467165
23,6,3339.17147611
23,7,3366.15283487
23,8,3384.4658653
23,9,3396.13068235
23,10,3402.87424764
23,11,3406.03645112
23,12,3406.46623932
23,13,3405.00164564
23,14,3402.10538016
23,15,3398.22572548
23,16,3393.63463145
23,17,3388.55674599
23,18,3383.25536103
23,19,3377.8949877
23,20,3372.56370498
23,21,3367.30855112
23,22,3362.16579849
23,23,3357.16834371
23,24,3352.33706423
24,0,2956.33921334
24,1,2986.08394926
24,2,3070.40471441
24,3,3166.60632846
24,4,3238.4959277
24,5,3291.23465916
24,6,3329.55266945
24,7,3356.79597491
24,8,3375.41556547
24,9,3387.41134531
24,10,3394.49596884
24,11,3397.99890774
24,12,3398.76437365
24,13,3397.62541534
24,14,3395.04352559
24,15,3391.46526826
24,16,3387.16247417
24,17,3382.35973959
24,18,3377.31934292
24,19,3372.20568407
24,20,3367.10741713
24,21,3362.07242876
24,22,3357.13778438
24,23,3352.33706423
24,24,3347.69184922
