25
0.0,0.0
-0.030722445423,-0.302123418738
-0.104153029166,-0.524035271508
0.143894410985,0.333281550235
-0.222397396447,-0.633531115481
-0.93882079256,0.490295312803
-0.301802235877,0.333437942409
-0.455679254858,0.254296905866
0.0340245713384,-0.6845820786
0.767210045684,0.605209813617
-0.656149751251,0.768617355676
0.460440585318,-1.19739513839
-0.51906930927,0.682192655006
-0.40854289174,0.700157636467
0.75003471654,-0.321233518349
0.422268890157,-0.199414234752
0.199720332591,0.168515488601
-0.287574620337,0.064816454486
0.457728189303,0.124588759515
0.904164080735,-0.0845186053496
-0.0914867267954,0.355627640909
0.104693929112,0.0545328945778
0.797109351355,0.427982377049
-0.286625265512,-0.032353111418
-0.430826669538,-0.225785336117
0,1,0.303681459432
0,21,0.118045141297
1,0,0.303681459432
1,2,0.233745419267
2,8,0.211821449689
2,1,0.233745419267
2,4,0.161155422623
3,16,0.173966630677
3,20,0.236439480188
4,2,0.161155422623
5,10,0.396693933838
6,20,0.211482850557
6,13,0.381938347936
6,7,0.173035951858
7,17,0.253302210023
7,6,0.173035951858
8,2,0.211821449689
8,11,0.666939166096
9,22,0.179731835667
10,12,0.1620502282
10,5,0.396693933838
11,8,0.666939166096
12,10,0.1620502282
12,13,0.111976915169
13,12,0.111976915169
13,6,0.381938347936
14,19,0.282470902827
14,15,0.349671810132
15,18,0.325937574069
15,14,0.349671810132
16,18,0.261720483825
16,3,0.173966630677
16,21,0.148398278624
17,7,0.253302210023
17,23,0.0971742034316
18,16,0.261720483825
18,22,0.455222209823
18,15,0.325937574069
19,14,0.282470902827
20,3,0.236439480188
20,6,0.211482850557
21,0,0.118045141297
21,16,0.148398278624
22,9,0.179731835667
22,18,0.455222209823
23,24,0.241267632465
23,17,0.0971742034316
24,23,0.241267632465
